 {
    "TourSize" : 120,
    "OptTour" : [1, 76, 59, 15, 30, 29, 120, 32, 92, 28, 45, 78, 86, 94, 81, 22, 66, 31, 117, 85, 18, 19, 25, 108, 43, 79, 52, 33, 100, 58, 91, 68, 65, 69, 113, 107, 20, 46, 50, 44, 75, 14, 87, 74, 105, 40, 72, 38, 7, 56, 41, 42, 98, 17, 118, 49, 13, 51, 11, 23, 9, 103, 119, 3, 82, 2, 115, 21, 93, 53, 64, 109, 88, 97, 12, 95, 77, 39, 63, 5, 27, 80, 101, 102, 48, 110, 112, 106, 114, 73, 57, 83, 67, 37, 62, 99, 10, 35, 104, 36, 84, 6, 89, 55, 47, 71, 26, 4, 34, 116, 70, 8, 54, 90, 96, 111, 24, 60, 16, 61],
    "OptDistance" : 6942,
    "DistanceMatrix" : 
        [[0, 83, 160, 205, 156, 300, 332, 449],
        [83, 0, 159, 122, 73, 234, 308, 366],
        [160, 159, 0, 160, 209, 140, 214, 417],
        [205, 122, 160, 0, 209, 140, 214, 342],
        [156, 73, 209, 49, 0, 161, 235, 293],
        [300, 234, 140, 112, 161, 0, 166, 369],
        [332, 308, 214, 181, 235, 166, 0, 203],
        [449, 366, 417, 342, 293, 369, 203, 0]]
    } 